
  No    Ref    V       B-V     U-B

 0001   410  12.360   0.470  -0.370
 0002   410  13.330   1.600   1.280
 0003   410  15.400   1.030   0.800
 0004   410  15.990   1.070   0.690
 0005   410  16.030   1.060   0.590
 0006   410  15.930   0.870   0.350
 0007   410  14.310   0.810   0.010
 0008   410  14.290   0.870   0.400
 0009   410  15.580   0.850   0.370
 0010   410  15.610   0.600   0.290
 0011   410  10.990   0.300   0.300
 0012   410  13.830   0.600  -0.130
 0013   410  16.200   0.810   0.660
 0014   410  15.830   0.860   0.470
 0015   410  15.580   1.060   0.660
 0016   410  12.940   0.560   0.290
 0017   410  12.130   0.510   0.170
 0018   410  14.160   0.670   0.430
 0019   410  14.860   0.640   0.550
 0020   410  12.760   0.760   0.290
 0021   410  16.320   0.790   0.690
 0022   410  16.600   0.780   0.650
 0023   410  10.660   0.460  -0.390
 0024   410  14.120   0.570   0.180
 0025   410  13.820   0.550  -0.020
 0026   410  13.950   0.610   0.120
 0027   410  13.450   0.700   0.270
 0028   410  14.100   0.810   0.360
 0029   410  14.830   0.910   0.520
 0030   410  12.440   0.500  -0.300
 0031   410  11.220   0.670  -0.230
 0032   410  12.840   0.790   0.450
 0033   410  15.710   0.980   0.470
 0034   410  15.770   1.370   1.150
 0035   410  15.130   0.790   0.220
 0036   410  12.700   0.670   0.120
 0037   410  16.450   1.060   0.630
 0038   410  15.260   0.700   0.200
 0039   410  16.120   1.020   0.490
 0040   410  15.680   0.890   0.590
 0041   410  16.160   1.090   0.560
 0042   410  12.820   0.860  -0.040
 0043   410  12.200   0.730   0.380
 0044   410  12.580   1.390   1.310
 0045   410  13.430   1.000   0.770
 0046   410  13.310   0.760   0.320
 0051   410  15.700   1.020   0.680
 0052   410  15.780   0.840   0.690
 0053   410  15.860   0.950   0.400
 0054   410  15.790   0.990   0.570
 0055   410  14.750   0.840   0.420
 0056   410  15.060   0.940   0.600
 0057   410  15.970   0.880   0.280
 0058   410  14.860   0.790   0.360
 0059   410  16.170   1.070   0.690
 0060   410  16.420   0.790   0.630
 0061   410  10.640   0.590         
 0063   410  11.910   0.590  -0.210
 0064   410  13.760   0.750   0.220
 0065   410  13.800   0.730   0.070
 0066   410  16.960   1.030   0.700
 0067   410  10.500   0.610  -0.390
 1009   410  16.170   1.210   1.070
 1010   410  16.300   1.550   1.240
 1017   410  16.370   0.790   0.560
 1018   410  16.190   0.770   0.670
 1019   410  16.860   2.180   2.460
 1022   410  16.080   1.540   1.360
 1023   410  15.260   1.090   0.810
 1026   410  16.230   1.000   0.460
 1030   410  16.220   2.330         
 1032   410  15.420   1.930   2.280
 1042   410  16.190   1.030   0.820
 1043   410  16.160   1.080   0.800
 1047   410  14.560   0.750   0.430
 1049   410  14.650   0.670   0.150
 1050   410  15.200   1.360   1.350
 1056   410  16.690   0.930   0.780
 1057   410  16.250   0.940   0.840
 1058   410  16.720   1.090   0.570
 1059   410  16.340   1.800   1.530
 1060   410  14.860   0.990   0.560
 1061   410  15.200   1.100   0.710
 1062   410  16.610   0.850   0.880
 1063   410  16.430   0.910   0.690
 1091   410  16.740   1.050   0.720
 1093   410  14.840   0.640   0.100
 1096   410  16.530   1.090   0.660
 1107   410  13.580   1.680   1.640
 1108   410  16.300   1.280   0.570
 1198   410  16.400   0.970   0.580
 1200   410  16.610   1.210   1.170
 1201   410  16.500   0.920   0.770
 1203   410  15.430   1.290   1.630
 1204   410  15.410   0.900   0.550
 1228   410  16.540   0.830   0.780
 1229   410  16.100   1.160   0.490
 1231   410  15.420   0.970   0.540
 2034   410  14.740   0.710   0.190
 2037   410  14.840   1.680   2.080
 2042   410  15.030   0.890   0.510
 2049   410  15.370   0.970   0.500
 2061   410  15.730   0.700   0.500
 2081   410  16.200   1.240   1.070
 2091   410  16.410   1.040   0.710
 2095   410  16.450   0.850   1.010
 2097   410  16.500   1.000   0.640
 2098   410  16.510   1.050   0.610
 2099   410  16.510   0.990   0.590
 2102   410  16.570   1.010   0.660
 2106   410  16.670   1.040   0.750
 2108   410  16.720   1.180   0.760
 2111   410  16.760   1.140   0.600
 2112   410  16.770   1.210   0.820
 2113   410  16.770   1.290   0.680
 2114   410  16.800   1.170   1.050
 2115   410  16.820   0.810   0.880
 2116   410  16.830   0.940   0.910
 2117   410  16.830   1.100   0.710
 2119   410  16.880   0.890   0.760
 2120   410  16.900   1.200   1.260
 2122   410  16.900   1.300   0.670
 2123   410  16.910   1.070   0.840
 2124   410  16.930   1.000   0.580
 2125   410  16.930   1.110   0.890
 2126   410  16.940   1.090   0.590
 2127   410  16.950   1.140   0.700
 2128   410  16.950   2.040   2.280
 2130   410  17.000   1.140   0.940
 2131   410  17.020   1.310   1.560
 2132   410  17.020   1.060   0.920
 2133   410  17.030   1.240   0.840
 2134   410  17.030   1.110   0.730
 2135   410  17.030   0.900   0.180
 2136   410  17.040   0.940   0.590
 2137   410  17.040   1.110   0.620
 2138   410  17.060   1.190   0.610
 2139   410  17.090   1.190   0.770
 2140   410  17.130   1.130   0.590
 2141   410  17.130   1.130   1.180
 2142   410  17.130   1.170   0.800
 2143   410  17.140   2.270   2.290
 2144   410  17.150   1.020   0.230
 2145   410  17.160   1.270   0.940
 2146   410  17.160   1.030   0.690
 2147   410  17.180   0.990   0.850
 2148   410  17.190   1.020   0.520
 2149   410  17.200   1.110   0.810
 2150   410  17.210   1.030   0.760
 2151   410  17.210   1.300   1.400
 2152   410  17.210   1.040   0.550
 2153   410  17.210   1.180   0.530
 2154   410  17.230   1.030   0.540
 2155   410  17.260   1.000   0.560
 2156   410  17.260   1.360   0.630
 2157   410  17.280   1.450   1.590
 2158   410  17.310   2.160         
 2159   410  17.320   1.030   0.780
 2160   410  17.320   1.140   0.520
 2161   410  17.330   1.400   1.580
 2163   410  17.360   1.150   0.690
 2164   410  17.380   1.310   1.550
 2165   410  17.390   1.220   0.740
 2166   410  17.390   1.380   1.600
 2167   410  17.390   1.290   0.840
 2168   410  17.400   2.520         
 2169   410  17.430   1.280         
 2170   410  17.430   1.380   0.800
 2171   410  17.430   1.000   1.040
 2172   410  17.440   1.070   0.610
 2173   410  17.450   1.260   0.610
 2176   410  17.470   1.570   1.570
 2177   410  17.490   1.210   0.540
 2178   410  17.490   1.140   0.640
 2179   410  17.490   1.430   1.090
 2180   410  17.490   1.200   0.890
 2181   410  17.500   1.170   0.810
 2182   410  17.500   1.300   0.820
 2183   410  17.510   1.170   0.530
 2184   410  17.550   1.230   0.770
 2185   410  17.570   2.510         
 2186   410  17.600   2.170   1.560
 2187   410  17.600   1.170   0.580
 2188   410  17.610   1.090   0.670
 2189   410  17.620   1.250   1.800
 2190   410  17.630   1.300   1.120
 2191   410  17.630   1.310   1.240
 2192   410  17.640   1.290   1.190
 2193   410  17.660   1.310   0.890
 2194   410  17.680   1.240   0.450
 2195   410  17.690   1.630   1.950
 2196   410  17.710   1.940   1.350
 2197   410  17.710   1.220   0.410
 2198   410  17.720   1.460   1.300
 2199   410  17.730   2.380   1.340
 2200   410  17.760   2.400         
 2201   410  17.760   1.570         
 2202   410  17.770   1.240   0.560
 2203   410  17.790   1.400   1.260
 2204   410  17.820   1.310   1.260
 2205   410  17.820   1.830         
 2206   410  17.830   1.450   1.390
 2207   410  17.850   2.230   1.870
 2208   410  17.880   1.060   0.670
 2209   410  17.900   1.380         
 2210   410  17.910   2.510         
 2211   410  17.910   1.160   0.690
 2212   410  17.930   1.260   0.750
 2213   410  17.930   2.130   0.770
 2214   410  17.950   1.590   1.430
 2215   410  17.960   1.060   0.470
 2216   410  17.970   1.120   0.430
 2217   410  17.970   1.220   0.930
 2218   410  18.000   1.800         
 2219   410  18.000   1.260   0.450
 2220   410  18.010   1.330   0.630
 2221   410  18.020   1.350   0.780
 2222   410  18.020   2.640         
 2223   410  18.020   1.260   0.940
 2224   410  18.030   1.350   1.170
 2225   410  18.040   1.460   0.560
 2226   410  18.040   1.270   0.690
 2228   410  18.050   1.250   1.110
 2229   410  18.050   2.080         
 2230   410  18.050   1.300   0.910
 2231   410  18.060   2.170         
 2232   410  18.070   1.310   0.650
 2233   410  18.070   1.220   0.620
 2234   410  18.070   1.210   0.800
 2235   410  18.080   1.330   0.360
 2237   410  18.090   1.440   0.630
 2238   410  18.100   1.270   0.970
 2239   410  18.120   1.340   1.000
 2240   410  18.120   1.440   1.020
 2241   410  18.130   1.400   0.690
 2242   410  18.130   1.280   0.840
 2243   410  18.130   1.400   1.520
 2244   410  18.140   1.150   0.700
 2245   410  18.150   2.780         
 2246   410  18.150   1.350   0.880
 2247   410  18.170   1.140   0.690
 2248   410  18.170   1.430   0.820
 2249   410  18.180   1.270   0.880
 2250   410  18.180   1.450         
 2251   410  18.180   2.290         
 2252   410  18.200   1.320         
 2253   410  18.210   1.260   0.610
 2254   410  18.210   1.400         
 2255   410  18.210   1.230   0.760
 2256   410  18.220   1.270         
 2257   410  18.230   1.600         
 2258   410  18.240   1.150   0.470
 2259   410  18.250   1.420         
 2260   410  18.270   1.350   0.960
 2261   410  18.270   1.460   2.400
 2262   410  18.280   1.220   0.480
 2263   410  18.280   1.310         
 2264   410  18.310   1.450   1.020
 2265   410  18.320   1.410         
 2266   410  18.330   1.200   0.990
 2267   410  18.330   1.240   0.630
 2268   410  18.340   1.260   0.990
 2269   410  18.350   1.270   0.650
 2270   410  18.350   1.370   0.680
 2271   410  18.370   1.510   0.300
 2272   410  18.380   1.410   0.910
 2273   410  18.380   1.210   0.300
 2274   410  18.380   1.250   0.830
 2275   410  18.390   1.600         
 2276   410  18.390   1.640         
 2277   410  18.390   1.260   0.840
 2278   410  18.400   1.270   0.680
 2279   410  18.400   1.510   0.310
 2280   410  18.420   1.240   0.300
 2281   410  18.420   1.670         
 2282   410  18.420   1.310   0.650
 2283   410  18.430   1.440   0.580
 2284   410  18.430   1.320   0.680
 2285   410  18.440   1.190   0.290
 2286   410  18.450   1.760   0.180
 2287   410  18.460   1.530         
 2288   410  18.470   1.280   0.460
 2289   410  18.480   1.350   0.920
 2290   410  18.480   2.260  -0.310
 2292   410  18.510   1.480   0.780
 2293   410  18.510   2.400  -0.770
 2294   410  18.510   1.710   0.370
 2295   410  18.520   1.700   0.770
 2296   410  18.530   1.190   0.850
 2297   410  18.540   1.300   0.690
 2298   410  18.540   1.280   0.400
 2299   410  18.550   1.170   0.500
 2300   410  18.560   1.320   0.570
 2301   410  18.570   1.280   0.520
 2302   410  18.570   1.270   0.420
 2303   410  18.570   1.580   0.610
 2304   410  18.580   2.330         
 2305   410  18.590   1.420         
 2306   410  18.600   1.940         
 2307   410  18.600   1.240   0.640
 2308   410  18.610   1.260   0.730
 2309   410  18.610   1.290   0.880
 2310   410  18.610   1.500   1.710
 2311   410  18.620   1.470         
 2312   410  18.640   1.570         
 2313   410  18.640   1.310   1.000
 2314   410  18.650   1.360   0.950
 2315   410  18.650   1.200         
 2316   410  18.660   1.400   0.860
 2317   410  18.660   1.270   0.640
 2318   410  18.670   2.300         
 2319   410  18.670   1.230   0.430
 2320   410  18.670   1.420         
 2321   410  18.680   1.220   0.540
 2322   410  18.690   1.300   0.740
 2323   410  18.690   1.670   1.580
 2325   410  18.710   1.240   0.890
 2326   410  18.730   1.340         
 2327   410  18.750   1.600         
 2328   410  18.750   1.490         
 2329   410  18.750   2.500         
 2330   410  18.750   2.040         
 2332   410  18.770   1.330   0.790
 2333   410  18.770   1.360   0.360
 2335   410  18.780   1.440   0.740
 2336   410  18.790   1.300   0.820
 2337   410  18.800   1.540         
 2338   410  18.810   1.360   1.180
 2339   410  18.820   1.620         
 2341   410  18.830   1.530   0.760
 2343   410  18.860   1.310         
 2344   410  18.860   1.410   0.850
 2345   410  18.860   1.370   1.330
 2346   410  18.870   1.350   0.480
 2347   410  18.870   1.470   0.700
 2348   410  18.870   1.490         
 2349   410  18.880   1.550         
 2350   410  18.880   1.550         
 2351   410  18.890   1.390   1.020
 2352   410  18.890   1.620   1.020
 2353   410  18.890   1.580   1.230
 2354   410  18.900   1.310   0.830
 2355   410  18.900   1.700         
 2356   410  18.910   1.270   0.200
 2358   410  18.920   1.960  -0.590
 2359   410  18.920   1.460   0.670
 2360   410  18.920   1.350   0.110
 2361   410  18.920   1.350         
 2362   410  18.930   1.390         
 2363   410  18.930   1.370   0.280
 2364   410  18.930   1.380   0.640
 2365   410  18.950   1.230   0.120
 2366   410  18.950  -0.280   0.750
 2367   410  18.950   1.490         
 2368   410  18.960   1.380   0.690
 2369   410  18.970   1.660         
 2370   410  18.970   1.460   0.280
 2371   410  18.980   1.210   0.510
 2372   410  18.980   1.430   0.670
 2373   410  18.980   1.270   0.660
 2374   410  18.990   2.050   0.980
 2375   410  19.000   1.390   0.200
 2376   410  19.010   1.360   0.540
 2377   410  19.020   1.230   0.100
 2378   410  19.020   1.570   0.510
 2379   410  19.040   1.290   0.340
 2381   410  19.060   1.320   0.350
 2382   410  19.070   1.560         
 2383   410  19.090   0.620         
 2384   410  19.090   1.360   0.680
 2385   410  19.090   1.590         
 2386   410  19.090   1.630         
 2387   410  19.100   1.670   0.420
 2388   410  19.100   1.370         
 2389   410  19.110   1.450         
 2390   410  19.110   1.340         
 2391   410  19.120   1.700         
 2392   410  19.130   1.390  -0.280
 2393   410  19.130   1.510         
 2394   410  19.140   1.700         
 2395   410  19.150   1.680         
 2396   410  19.150   1.600         
 2397   410  19.150   1.530         
 2398   410  19.160   1.690         
 2399   410  19.160   1.530         
 2401   410  19.160   1.460   0.270
 2402   410  19.170   1.610         
 2403   410  19.170   1.400         
 2405   410  19.180   1.550         
 2406   410  19.180   1.890         
 2407   410  19.180   0.720         
 2408   410  19.190   1.650         
 2409   410  19.200   1.210  -0.170
 2411   410  19.210   1.470   1.080
 2412   410  19.210   1.380         
 2413   410  19.210   1.850         
 2414   410  19.220   1.750         
 2415   410  19.230   1.470         
 2416   410  19.230   1.610         
 2417   410  19.230   1.520         
 2418   410  19.230   1.630   0.080
 2419   410  19.230   1.570         
 2420   410  19.240   1.390         
 2421   410  19.240   1.400   0.920
 2422   410  19.240   1.340         
 2423   410  19.250   1.500         
 2424   410  19.270   1.610         
 2425   410  19.270   1.740         
 2426   410  19.270   1.560   0.720
 2428   410  19.290   2.370         
 2430   410  19.320   1.350         
 2431   410  19.320   1.470   0.410
 2432   410  19.340   1.420         
 2433   410  19.340   1.260   0.600
 2434   410  19.340   2.370  -0.930
 2435   410  19.350   1.430   0.570
 2436   410  19.350   2.000         
 2437   410  19.350   1.620         
 2438   410  19.350   1.570         
 2439   410  19.360   1.700         
 2440   410  19.370   1.440         
 2441   410  19.380   1.470         
 2443   410  19.400   1.480   0.360
 2444   410  19.410   1.390         
 2446   410  19.430   1.660         
 2447   410  19.430   1.440         
 2449   410  19.450   1.610         
 2450   410  19.450   2.440         
 2451   410  19.460   1.550         
 2452   410  19.460   1.430  -0.350
 2453   410  19.470   2.470         
 2455   410  19.470   1.420   0.270
 2456   410  19.480   1.610  -0.420
 2457   410  19.480   1.450         
 2458   410  19.490   1.650   0.410
 2459   410  19.490   1.500         
 2460   410  19.490   1.360         
 2461   410  19.490   2.140         
 2462   410  19.500   1.190   1.080
 2463   410  19.510   1.400  -0.120
 2464   410  19.510   1.730         
 2465   410  19.520   1.460         
 2466   410  19.520   1.520         
 2467   410  19.520   1.750         
 2468   410  19.530   1.590         
 2469   410  19.540   1.350         
 2470   410  19.540   1.830         
 2471   410  19.550   1.590         
 2474   410  19.550   1.470         
 2475   410  19.550   1.630  -0.390
 2476   410  19.560   1.550         
 2477   410  19.560   1.280         
 2479   410  19.580   1.160         
 2481   410  19.580   1.480   0.150
 2482   410  19.590   1.290   0.350
 2483   410  19.590   1.550         
 2484   410  19.610   1.320  -0.890
 2485   410  19.610   1.270         
 2486   410  19.610   0.970         
 2487   410  19.610   1.130  -0.200
 2488   410  19.610   1.590         
 2489   410  19.620   1.080         
 2490   410  19.620   1.370         
 2491   410  19.620   1.620         
 2492   410  19.620   1.380         
 2493   410  19.620   1.520         
 2494   410  19.620   1.630         
 2495   410  19.630   1.650   0.500
 2497   410  19.640   1.650         
 2498   410  19.650   1.860         
 2499   410  19.650   1.780         
 2500   410  19.650   1.320         
 2501   410  19.660   1.590         
 2502   410  19.660   1.250         
 2503   410  19.670   1.900         
 2504   410  19.680   2.090         
 2505   410  19.680   1.190         
 2506   410  19.680   0.690         
 2507   410  19.690   1.370         
 2508   410  19.700   1.400         
 2509   410  19.700   1.750         
 2510   410  19.700   1.440         
 2512   410  19.710   1.650         
 2513   410  19.710   2.310  -1.570
 2514   410  19.720   1.330  -0.050
 2515   410  19.720   1.680         
 2516   410  19.720   1.630         
 2518   410  19.740   1.640         
 2520   410  19.750   1.580  -0.060
 2521   410  19.750   1.540         
 2522   410  19.750   1.360         
 2523   410  19.750   1.450         
 2524   410  19.760   1.700         
 2525   410  19.770   1.670   0.730
 2526   410  19.770   1.710   0.450
 2527   410  19.770   1.490   0.120
 2528   410  19.790   1.610         
 2529   410  19.790   1.560         
 2530   410  19.810   1.550         
 2533   410  19.820   1.200         
 2534   410  19.820   1.510         
 2536   410  19.830   1.400         
 2537   410  19.840   1.520         
 2538   410  19.850   1.950         
 2541   410  19.850   1.590         
 2542   410  19.850   1.510         
 2543   410  19.860   1.670         
 2544   410  19.860   1.550         
 2545   410  19.870   1.650         
 2546   410  19.880   1.550         
 2547   410  19.880   1.420         
 2549   410  19.890   1.850         
 2550   410  19.890   1.540         
 2551   410  19.910   1.400         
 2552   410  19.920   1.550         
 2553   410  19.930   1.680         
 2554   410  19.940   1.170         
 2556   410  19.940   1.700         
 2558   410  19.950   1.630         
 2559   410  19.950   1.430         
 2560   410  19.950   1.470         
 2562   410  19.950   1.710         
 2563   410  19.950   1.440         
 2564   410  19.950   1.450         
 2565   410  19.950   1.480         
 2568   410  19.960   1.470         
 2569   410  19.960   1.000         
 2570   410  19.970   1.530         
 2572   410  19.970   1.520         
 2575   410  19.980   1.550         
 2577   410  20.000   1.750         
 2578   410  20.010   1.440         
 2582   410  20.020   1.570         
 2584   410  20.030   1.770         
 2585   410  20.040   1.450         
 2586   410  20.040   1.480         
 2589   410  20.060   1.120         
 2590   410  20.070   1.910         
 2591   410  20.070   1.570         
 2592   410  20.070   1.530         
 2594   410  20.090   1.640         
 2597   410  20.090   1.610         
 2599   410  20.100   1.460   0.290
 2600   410  20.100   1.650  -1.050
 2602   410  20.110   1.550   0.130
 2603   410  20.120   1.530         
 2606   410  20.130   1.650         
 2608   410  20.140   1.590         
 2609   410  20.140   1.440         
 2610   410  20.150   1.510         
 2613   410  20.160   0.830         
 2614   410  20.160   1.670         
 2617   410  20.170   1.040         
 2618   410  20.180   1.750         
 2619   410  20.180   1.690         
 2620   410  20.180   1.780         
 2621   410  20.200   2.110         
 2622   410  20.200   1.570         
 2627   410  20.210   1.490         
 2628   410  20.210   1.600         
 2629   410  20.210   2.180         
 2633   410  20.230   1.520         
 2634   410  20.240   1.460         
 2635   410  20.240   1.850         
 2636   410  20.240   1.540  -0.550
 2638   410  20.240   1.540         
 2639   410  20.240   1.790         
 2640   410  20.260   1.620  -0.900
 2641   410  20.270   1.700         
 2645   410  20.280   1.510         
 2647   410  20.280   1.380  -0.070
 2651   410  20.300   1.840         
 2653   410  20.300   1.750         
 2654   410  20.300   1.470         
 2656   410  20.310   1.530         
 2660   410  20.320   2.350         
 2662   410  20.340   1.730         
 2663   410  20.340   1.690         
 2664   410  20.350   1.610         
 2667   410  20.360   1.440         
 2668   410  20.360   1.760         
 2679   410  20.400   1.430         
 2682   410  20.420   1.220         
 2684   410  20.430   1.260         
 2685   410  20.430   1.560         
 2690   410  20.450   1.650         
 2703   410  20.510   1.880         
 2707   410  20.520   1.810         
 2709   410  20.520   1.750         
 2711   410  20.530   1.310         
 2712   410  20.530   1.650         
 2713   410  20.540   1.500         
 2733   410  20.600   1.500         
 2742   410  20.640   1.560         
 2743   410  20.650   0.800         
 2760   410  20.720  -0.180         
 2766   410  20.750   1.880         
 2769   410  20.760   1.470         
 2771   410  20.760   0.760         
 2802   410  20.860   1.580         
 2805   410  20.860   1.420         
 2812   410  20.880   1.510         
 2814   410  20.890   1.850         
 2892   410  21.150   0.040         
 2896   410  21.170   0.170  -0.630
 2982   410  21.400   1.090         
 2995   410  21.440   0.780         
 3031   410  21.570  -0.530         
