


  No    Ref    V       B-V     U-B

 0004   116  11.530   0.820         
 0004   269  11.460   0.810  -0.070
 0005   116  12.270   0.820         
 0005   269  12.250   0.820   0.110
 0006   116  12.560   0.720         
 0006   269  12.540   0.730  -0.090
 0007   116  12.640   0.790         
 0007   269  12.630   0.790  -0.110
 0009   116  13.350   1.030         
 0009   269  13.360   0.830   0.010
 0010   116  14.000   1.120         
 0010   269  14.030   1.020   0.580
 0011   116  14.180   1.770         
 0011   269  14.300   1.710   1.900
 0012   116  14.440   0.770         
 0012   269  14.440   0.740   0.170
 0013   116  14.470   0.810         
 0013   269  14.450   0.810   0.070
 0014   116  14.730   0.820         
 0014   269  14.710   0.860   0.050
 0015   116  14.800   0.770         
 0015   269  14.810   0.840   0.120
 0016   116  14.970   0.850         
 0016   269  15.010   0.900   0.260
 0017   269  15.270   1.020   0.510
 0018   269  15.520   0.880   0.220
 0019   269  15.780   0.960   0.380
 0020   269  16.300   0.910   0.410
 0021   269  16.450   1.120   0.800
 0024   269  16.790   0.890   0.500
 0025   269  17.020   1.020   0.550
 0026   116  12.360   0.780         
 0026   269  12.270   0.720  -0.200
 0027   116  13.000   0.820         
 0027   269  13.010   0.820  -0.020
 0028   116  13.410   0.950         
 0028   269  13.410   0.920   0.060
 0030   116  14.170   0.860         
 0030   269  14.110   0.810         
 0031   116  14.560   0.910         
 0031   269  14.600   0.970   0.600
 0032   116  14.480   1.010         
 0033   116  14.790   0.850         
 0033   269  14.800   0.760   0.040
 0034   116  14.740   1.200         
 0034   269  14.810   1.090   0.590
 0035   269  15.030   1.730   1.890
 0036   269  14.880   0.890   0.120
 0037   116  14.900   1.070         
 0037   269  14.940   0.900   0.610
 0038   116  14.820   0.860         
 0038   269  14.810   0.960   0.130
 0041   116  15.030   0.930         
 0041   269  15.010   0.930   0.150
 0042   116  15.120   0.970         
 0043   269  15.160   0.820   0.010
 0044   269  15.310   0.830   0.120
 0045   269  15.710   0.930   0.520
 0046   269  15.390   0.850   0.140
 0047   269  15.450   0.800   0.200
 0048   269  15.490   0.890   0.240
 0050   269  15.680   0.860   0.250
 0051   269  15.860   0.870   0.300
 0052   269  15.840   0.930   0.330
 0053   269  15.840   0.870   0.300
 0054   269  15.970   0.860   0.330
 0055   269  16.050   0.850   0.360
 0056   269  16.090   0.790   0.360
 0057   269  16.160   0.850   0.320
 0058   269  16.130   0.940   0.570
 0059   269  16.250   1.100   0.590
 0060   269  16.300   0.850   0.400
 0061   269  16.360   1.180   0.720
 0062   269  16.360   0.780   0.350
 0063   269  16.400   1.120   0.560
 0065   269  16.540   1.110   0.530
 0066   269  16.450   1.020   0.580
 0067   269  16.550   1.150   0.630
 0068   269  16.510   0.880   0.380
 0069   269  16.540   1.020   0.670
 0071   269  16.670   1.090   0.590
 0073   269  16.670   0.860   0.470
 0076   269  16.870   0.960   0.530
 0077   269  17.010   1.000   0.660
 0101   269  16.440   1.010   0.730
 0102   269  18.950   1.450  10.000
 0103   269  16.180   1.280   0.760
 0104   269  18.430   1.320   0.750
 0105   269  17.660   1.130   0.750
 0106   269  16.720   0.950   0.500
 0107   269  18.090   1.190   0.900
 0108   269  17.520   1.330   0.850
 0109   269  18.090   1.380   0.840
 0110   269  18.800   1.410   1.170
 0111   269  18.780   1.320  10.000
 0112   269  19.130   0.930  10.000
 0113   269  18.200   1.210   0.720
 0114   269  18.300   1.320   1.190
 0115   269  18.330   1.070  10.000
 0116   269  19.370   1.620  10.000
 0117   269  18.690   1.300   0.850
 0118   269  19.410   1.490  10.000
 0119   269  18.800   1.320  10.000
 0120   269  19.070   1.310  10.000
 0121   269  19.250   1.260  10.000
 0122   269  19.280   1.670  10.000
 0123   269  19.090   1.500  10.000
 0124   269  20.010   1.190  10.000
 0125   269  19.560   1.350  10.000
 0126   269  18.770   1.250   0.570
 0127   269  19.090   1.610  10.000
 0128   269  19.470   1.620  10.000
 0129   269  18.720   1.430  10.000
 0130   269  19.340   1.300  10.000
 0131   269  19.590   1.470   0.590
 0132   269  19.330   1.360  10.000
 0133   269  18.660   1.300   0.630
 0134   269  19.460   1.560  10.000
 0135   269  19.300   1.340  10.000
 0136   269  20.190   1.280  10.000
 0137   269  19.440   1.990  10.000
 0138   269  19.210   1.440  10.000
 0139   269  18.980   1.460   1.410
 0140   269  15.540   0.960   0.590
 0141   269  19.460   1.220  10.000
 0142   269  18.350   1.210   0.880
 0143   269  19.750   1.680  10.000
 0144   269  19.510   1.150  10.000
 0145   269  17.730   0.960   0.100
 0146   269  18.620   1.240   0.270
 0147   269  18.940   1.460  10.000
 0148   269  18.140   1.240   0.950
 0149   269  19.350   1.400   0.320
 0150   269  18.800   1.300   0.570
 0151   269  18.840   1.520  10.000
 0152   269  19.450   1.440  10.000
 0153   269  19.390   1.530  10.000
 0154   269  18.030   1.010   0.750
 0155   269  16.630   0.910   0.510
 0156   269  18.770   1.470  10.000
 0157   269  18.340   1.290   0.890
 0158   269  18.950   1.340   0.560
 0159   269  19.350   1.290  10.000
 0160   269  18.840   1.430  10.000
 0161   269  18.970   1.260  10.000
 0162   269  18.550   1.470  10.000
 0163   269  18.170   2.080  10.000
 0164   269  17.300   2.840  10.000
 0165   269  17.420   1.160   0.610
 0166   269  16.280   1.710   1.600
 0167   269  16.050   0.930   0.470
 0168   269  19.310   1.530  10.000
 0169   269  18.150   1.200  10.000
 0170   269  16.030   1.030   0.700
 0171   269  16.540   1.970   1.980
 0172   269  17.440   2.030  10.000
 0173   269  17.780   1.320   0.830
 0174   269  16.770   1.960  10.000
 0175   269  17.640   1.180   0.700
 0176   269  18.090   1.740  10.000
 0177   269  18.110   1.710   1.030
 0178   269  18.260   1.410   1.050
 0179   269  19.170   1.390  10.000
 0180   269  18.550   1.260   0.800
 0181   269  16.880   1.150   0.950
 0182   269  18.870   1.680  10.000
 0183   269  18.860   1.350  10.000
 0184   269  19.110   1.440  10.000
 0185   269  18.750   1.430  10.000
 0186   269  17.300   1.220   0.600
 0187   269  18.830   1.270  10.000
 0188   269  19.420   1.380  10.000
 0189   269  19.870   1.260  10.000
 0190   269  19.170   1.510  10.000
 0191   269  19.050   1.490  10.000
 0192   269  19.410   1.440  10.000
 0193   269  19.290   1.550   0.450
 0194   269  19.360   1.600  10.000
 0195   269  18.980   1.280  10.000
 0196   269  18.550   1.350   0.760
 0197   269  19.970   1.460  10.000
 0198   269  19.440   1.570  10.000
 0199   269  16.850   1.090   0.530
 0200   269  19.230   1.350   0.740
 0201   269  18.870   1.380   0.800
 0202   269  18.580   1.260  10.000
 0203   269  19.040   1.400  10.000
 0204   269  18.550   1.220   0.900
 0205   269  19.400   1.370  10.000
 0206   269  19.200   1.360  10.000
 0207   269  18.640   1.280   0.750
 0208   269  18.960   1.320  10.000
 0209   269  18.750   1.370   1.310
 0210   269  18.990   1.280  10.000
 0211   269  18.900   1.250  10.000
 0212   269  19.610   1.420  10.000
 0213   269  18.540   1.190   0.600
 0214   269  19.280   1.470  10.000
 0215   269  18.920   1.290   0.560
 0216   269  18.910   1.480  10.000
 0217   269  18.290   1.370  10.000
 0218   269  19.610   1.520  10.000
 0219   269  19.220   1.250  10.000
 0220   269  19.900   1.440  10.000
 0221   269  18.930   1.250   0.680
 0222   269  20.530   2.040  10.000
 0223   269  18.980   1.300   0.710
 0224   269  17.940   1.240   0.880
 0225   269  19.020   1.460  10.000
 0226   269  19.130   1.390  10.000
 0227   269  18.160   1.180   0.640
 0228   269  18.720   1.410   1.370
 0229   269  18.850   1.530   0.570
 0230   269  18.430   1.230   0.430
 0231   269  18.450   1.180  10.000
 0232   269  18.680   1.400  10.000
 0233   269  18.770   1.270  10.000
 0234   269  18.940   1.780  10.000
 0235   269  18.690   1.240   0.650
 0236   269  19.110   1.380  10.000
 0237   269  19.630   1.340  10.000
 0238   269  19.580   1.370  10.000
 0239   269  18.630   1.270  10.000
 0240   269  18.630   1.080   0.240
 0241   269  19.470   1.400  10.000
 0242   269  19.520   1.380  10.000
 0243   269  19.530   1.640  10.000
 0244   269  20.470   1.480  10.000
 0245   269  18.970   1.350  10.000
 0246   269  19.040   1.750  10.000
 0247   269  19.110   1.420  10.000
 0248   269  19.500   1.650  10.000
 0249   269  18.900   1.310  10.000
 0250   269  19.360   1.410  10.000
 0251   269  18.950   1.410  10.000
 0252   269  19.140   1.350  10.000
 0253   269  19.350   1.620  10.000
 0254   269  19.420   2.380  10.000
 0255   269  20.420   1.310  10.000
 0256   269  17.350   0.980   0.700
 0257   269  18.540   1.300   0.810
 0258   269  17.370   1.050   0.590
 0259   269  18.560   2.160  10.000
 0260   269  18.140   1.330   0.820
 0261   269  18.400   1.370   0.950
 0262   269  19.320   1.710  10.000
 0263   269  17.930   1.790  10.000
 0264   269  17.770   1.100   0.820
 0265   269  16.380   1.000   0.510
 0266   269  20.190   1.330  10.000
 0267   269  17.520   1.030   0.690
 0268   269  18.900   1.290   0.650
 0269   269  17.430   1.390   0.690
 0270   269  16.520   1.030   0.580
 0271   269  16.220   1.150  10.000
 0272   269  16.970   1.210   0.800
 0273   269  19.530   1.430  10.000
 0274   269  18.070   1.210   0.660
 0275   269  16.370   1.920   2.120
 0276   269  19.480   1.460  10.000
 0277   269  16.590   1.210   0.710
 0278   269  18.360   1.930  10.000
 0279   269  16.200   1.050   0.690
 0280   269  19.140   1.560  10.000
 0281   269  18.430   1.410   1.030
 0282   269  18.530   1.290   0.740
 0283   269  18.200   1.110   0.690
 0284   269  18.950   1.330  10.000
 0285   269  18.840   1.280   1.000
 0286   269  19.510   1.330  10.000
 0287   269  18.680   1.440  10.000
 0288   269  18.650   1.230  10.000
 0289   269  18.860   1.390  10.000
 0290   269  19.430   1.310   0.750
 0291   269  20.420   2.160  10.000
 0292   269  19.850   1.410  10.000
 0293   269  18.840   1.230   0.060
 0294   269  19.460   1.420  10.000
 0295   269  18.650   1.070   0.340
 0296   269  19.390   1.040  10.000
 0297   269  18.570   1.390  10.000
 0298   269  19.820   1.240  10.000
 0299   269  17.940   1.070  10.000
 0300   269  19.730   1.270  10.000
 0301   269  19.340   1.300  10.000
 0302   269  17.220   1.190   0.740
 0303   269  19.190   1.540  10.000
 0304   269  19.650   1.480  10.000
 0305   269  19.280   1.440  10.000
 0306   269  19.280   1.300  10.000
 0307   269  18.070   1.310   0.830
 0308   269  20.420   2.270  10.000
 0309   269  18.750   1.390   0.370
 0310   269  17.170   1.010   0.600
 0311   269  18.680   1.380   0.770
 0312   269  18.490   1.510  10.000
 0313   269  20.050   1.200  10.000
 0314   269  19.160   1.550  10.000
 0315   269  18.850   1.200  10.000
 0316   269  18.550   1.120  10.000
 0317   269  18.700   1.240  10.000
 0318   269  15.040   0.910   0.300
 0319   269  14.160   1.650   1.810
 0320   269  19.010   1.370  10.000
 0321   269  18.310   1.280  10.000
 0322   269  19.800   0.850  10.000
 0323   269  21.210   0.240  10.000
 0324   269  19.170   1.520  10.000
 0325   269  17.960   1.280   0.890
 0326   269  18.650   1.260  10.000
 0327   269  18.770   1.230  10.000
 0328   269  18.510   1.190  10.000
 0329   269  12.620   0.640   0.020
 0330   269  15.960   0.700  10.000
 1007   269  15.070   1.770   2.100
 1009   269  16.080   1.000   0.660
 1011   116  13.460   2.370         
 1011   269  13.660   1.950   2.470
 1012   269  17.440   1.090   0.660
 1013   269  15.260   1.740   1.650
 1015   269  17.150   1.070   0.600
 1021   269  17.130   1.220   0.780
 1022   269  17.370   1.030   0.730
 1023   269  16.070   1.300   0.820
 1024   269  17.200   1.140   0.450
 1045   269  17.200   1.210   0.920
 1046   269  17.130   1.380   1.580
 1048   269  17.660   1.040   0.780
 1050   269  16.980   1.100   0.820
 1053   269  17.310   1.210   0.590
 1055   269  15.830   1.090   0.720
 1056   269  17.230   1.290   0.760
 1058   269  17.280   1.330   1.290
 1059   269  17.310   1.120   0.620
 1060   269  17.620   1.010   0.710
 1061   269  16.850   0.980   0.570
 1065   269  16.590   0.930   0.430
 1066   269  16.900   1.140   0.690
 1067   269  17.650   1.470   1.280
 1072   269  16.540   0.950   0.590
 1074   269  15.930   0.920   0.600
 1075   269  16.630   0.890   0.420
 1076   269  17.180   1.170   0.810
 1079   269  16.970   1.130   0.580
 1080   116   9.380   2.610         
 1081   116  13.270   1.040         
 1081   269  13.210   0.800  -0.100
 1083   269  16.600   1.230   0.960
 1086   269  16.850   0.930   0.600
 1087   269  16.410   1.170   0.610
 1088   269  17.200   1.050   0.720
 1089   269  16.230   0.950   0.350
 1090   269  17.000   0.940   0.650
 1091   116  10.930   2.810         
 1091   269  11.090   2.430   2.830
 1092   116  12.180   0.870         
 1092   269  12.170   0.850  -0.010
 1093   116  13.840   0.720         
 1093   269  13.830   0.770  -0.040
 1094   269  17.330   0.990   0.730
 1100   269  15.970   1.000   0.640
 1101   269  16.430   0.900   0.370
 1102   269  16.810   1.010   0.680
 1103   269  17.130   1.570   1.360
 1105   269  16.730   1.100   0.600
 1106   269  16.010   0.940   0.370
 1109   116  13.040   2.600         
 1109   269  13.290   2.130   2.970
 1110   269  17.200   0.950   0.630
 1111   269  17.460   1.300   0.820
 1112   269  17.850   1.090   0.140
 1113   269  15.900   1.080   0.500
 1114   269  16.910   1.070   0.680
 1116   269  15.860   0.850   0.220
 1117   269  16.750   1.010   0.410
 1120   269  17.320   1.130   0.710
 1121   269  15.460   1.540   1.430
 1123   269  16.920   1.010   0.720
 2040   269  14.730   0.850   0.190
 2060   269  15.760   0.870   0.170
 2075   269  16.080   0.850   0.310
 2078   269  16.090   1.060   0.760
 2080   269  16.270   0.810   0.260
 2085   269  16.430   1.900   2.120
 2089   269  16.660   1.850  10.000
 2090   269  16.850   1.000   0.390
 2091   269  16.460   1.110   0.800
 2103   269  16.600   1.060   0.730
 2105   269  16.710   1.510   1.770
 2111   269  16.810   1.010   0.660
 2121   269  16.980   1.200   0.690
 2124   269  16.870   0.880   0.530
 2126   269  17.090   1.000   0.600
 2127   269  17.200   1.250   0.610
 2128   269  17.180   1.030   0.750
 2131   269  17.250   2.510  10.000
 2133   269  17.240   0.910   0.710
 2135   269  17.110   1.050   0.580
 2146   269  17.320   1.050   0.680
 2148   269  17.400   1.020   0.650
 2149   269  17.380   0.960   0.520
 2153   269  17.520   1.250   0.800
 2154   269  17.430   1.010   0.680
 2156   269  17.390   1.390   1.660
 2157   269  17.610   1.010   0.700
 2158   269  17.540   1.200  10.000
 2161   269  17.870   1.340   0.870
 2163   269  17.620   1.230   0.630
 2164   269  17.540   1.110   0.760
 2165   269  17.550   1.060   0.710
 2167   269  17.680   1.210   0.940
 2168   269  17.910   1.280  10.000
 2169   269  18.060   1.270   0.660
 2170   269  17.760   1.190   0.970
 2171   269  17.750   1.640  10.000
 2172   269  17.890   1.080   0.920
 2173   269  17.850   1.240   0.760
 2174   269  17.660   1.230   0.820
 2175   269  17.570   0.960   0.470
 2176   269  18.090   1.240   0.850
 2177   269  17.980   1.070   0.620
 2178   269  18.080   1.110   0.840
 2179   269  17.750   1.030   0.630
 2181   269  17.870   1.260  10.000
 2182   269  17.900   1.160   0.720
 2183   269  17.890   1.120   0.900
 2184   269  17.850   1.300   0.690
 2185   269  18.210   1.260  10.000
 2186   269  17.950   1.080   0.830
 2187   269  17.990   1.080   0.810
 2188   269  17.890   1.110   0.820
 2189   269  17.940   1.120   0.750
 2190   269  17.580   1.030   0.670
 2191   269  17.690   1.060   0.840
 2192   269  18.080   1.260   0.270
 2193   269  18.250   1.140   0.430
 2194   269  17.960   1.100   0.800
 2195   269  17.880   1.150   0.910
 2196   269  17.820   1.300   0.930
 2197   269  18.180   1.220   0.560
 2198   269  18.020   1.160   0.890
 2199   269  17.870   1.150   0.800
 2200   269  18.450   1.510  10.000
 2201   269  18.050   1.550   1.800
 2203   269  17.990   1.110  10.000
 2204   269  18.400   1.780  10.000
 2205   269  18.120   1.070  10.000
 2206   269  18.210   2.730  10.000
 2207   269  18.030   1.100   0.810
 2208   269  18.190   1.150   0.540
 2209   269  18.600   1.610  10.000
 2211   269  18.350   1.670  10.000
 2212   269  18.800   1.510  10.000
 2213   269  18.330   1.140   0.610
 2214   269  18.060   1.400   1.090
 2215   269  18.000   1.220   0.790
 2216   269  18.310   1.360   1.070
 2217   269  18.690   1.330  10.000
 2218   269  18.340   1.130   0.800
 2219   269  18.600   1.350  10.000
 2220   269  18.960   1.350  10.000
 2221   269  18.270   1.210   0.870
 2222   269  18.280   1.310   0.780
 2223   269  18.320   1.220   0.730
 2224   269  18.170   1.320   1.060
 2227   269  18.590   1.590  10.000
 2228   269  19.140   1.530  10.000
 2229   269  18.480   1.340   0.780
 2231   269  18.240   1.330   0.630
 2232   269  18.100   1.150   0.700
 2233   269  18.350   1.220   0.760
 2234   269  18.270   1.380  10.000
 2235   269  18.610   1.250  10.000
 2236   269  18.260   1.150   0.780
 2237   269  18.460   1.270  10.000
 2238   269  18.620   1.020  10.000
 2239   269  18.400   1.430  10.000
 2240   269  18.540   1.420   0.910
 2243   269  18.820   1.430  10.000
 2244   269  18.140   1.430   0.870
 2248   269  18.480   1.510   1.000
 2250   269  18.620   1.420   0.810
 2252   269  18.840   1.430  10.000


